 0  262  518  774  518  518  518  518  518  518  518  518  518  518  518  518  518  518  518  518 1030  518  518  774  518  774  518  518  774  518  518  774  518  774  518  774  518  774  518  774  518  518  774  518 1286    0    0    0    0    0    0    0    0    0    0    0    0    0    0    0    0    0    0    0    0
 1 1542 1798 2054 1798 2310 1798 2054 1798 2310 1798 2054 1798 2310 1798 2054 1798 2310 1798 2566 2822 1798 2054 1798 2310 1798 2054 1798 2310 1798 2054 1798 2310 1798 2054 1798 1798 2054 1798 2310 1798 2054 1798 2310 3078    0    0    0    0    0    0    0    0    0    0    0    0    0    0    0    0    0    0    0    0
 2 1542 3334 3590 2054 3846 3334 3590 2054 3846 3334 3590 2054 3846 3334 3590 2054 3846    6 2566  262 3334 3590 2054 3846 3334 3590 2054 3846 3334 3590 2054 3846 3334 3590 2054 3334 3590 2054 3846 3334 3590 2054 3846 3078    0    0    0    0    0    0    0    0    0    0    0    0    0    0    0    0    0    0    0    0
 3 1030 1542 1798 2054 1798 1798 2310 2566 2822 3078 2822 3078 2822 3078 2822 3078 3334 3590 2310 2054 2310 2310 2566 2310 2566 2310 2566 2310 2310 2566 2310 2310 2566 2310 2566 2310 2566 1542 1798 2054 1798 1798 3846 2822    0    0    0    0    0    0    0    0    0    0    0    0    0    0    0    0    0    0    0    0
 4   22  278 2070 2070 2070 2070  534  790  790  790  790  790  790  790  790  790  790 3094 3606 3606 3606 3606 3606 3606 3606 3606 3606 3606 3606 3606 3606 3606 3606 3606 3606 3606 3606  278 2070 2070 2070 2070 1046 1302    0    0    0    0    0    0    0    0    0    0    0    0    0    0    0    0    0    0    0    0
 5 3350  278 2070 2070 2070 2070 1558 1814 1814 1814 1814 1814 1814 1814 1814 1814 1814 3606 3606 3606 3606 3606 3606 3606 3606 3606 3606 3606 3606 3606 3606 3606 3606 3606 3606 3606 3606  278 2070 2070 2070 2070 1046 3862    0    0    0    0    0    0    0    0    0    0    0    0    0    0    0    0    0    0    0    0
 6 3350  278 2070 2070 2070 2070 2070 2326 2582 2582 2582 2582 2582 2582 2582 2582 2838 3094 3606 3606 3606 3606 3606 3606 3606 3606 3606 3606 3606 3606 3606 3606 3606 3606 3606 3606 3606  278 2070 2070 2070 2070 1046 3862    0    0    0    0    0    0    0    0    0    0    0    0    0    0    0    0    0    0    0    0
 7 3350  278 2070 2070 2070 2070  534  790  790  790  790  790  790  790  790  790  790 3094 3606 3606 3606 3606 3606 3606 3606 3606 3606 3606 3606 3606 3606 3606 3606 3606 3606 3606 3606  278 2070 2070 2070 2070 1046 3862    0    0    0    0    0    0    0    0    0    0    0    0    0    0    0    0    0    0    0    0
 8 3350  278 2070 2070 2070 2070 1558 1814 1814 1814 1814 1814 1814 1814 1814 1814 1814 3606 3606 3606 3606 3606 3606 3606 3606 3606 3606 3606 3606 3606 3606 3606 3606 3606 3606 3606 3606  278 2070 2070 2070 2070 1046 3862    0    0    0    0    0    0    0    0    0    0    0    0    0    0    0    0    0    0    0    0
 9 3350 3350 3606 3862 3862 3862   22  278  534  278  278  278  278  278  278  278  534  790 3606 3606  790 1814 2070 2070 2070 2070 2070 2070 2070 2070 2070 2070 2070 2070 2070 2070 2070 1046 3862 3862 3862 3862 1302 1558    0    0    0    0    0    0    0    0    0    0    0    0    0    0    0    0    0    0    0    0
10 3350 1814  790  790  790  790  790  790 3094 3606 3606 3606 3606 3606 3606 3606 3606 3606 3606 3606 1814 3606 3606 3606 3606 3606 3606 3606 3606 3606 3606 3606 3606 3606 3606 3606 3606 3606 3606 3606 3606 3606 3606 2070    0    0    0    0    0    0    0    0    0    0    0    0    0    0    0    0    0    0    0    0
11 3350 2326 1814 1814 1814 1814 1814 1814 2582 3606 3606 3606 3606 3606 3606 3606 3606 3606 3606 3606 2326 3606 3606 3606 3606 3606 3606 3606 3606 3606 3606 3606 3606 3606 3606 3606 3606 3606 3606 3606 3606 3606 3606 2838    0    0    0    0    0    0    0    0    0    0    0    0    0    0    0    0    0    0    0    0
12 3350 3094  790  790  790  790  790  790 3350 3606 3606 3606 3606 3606 3606 3606 3606 3606 3606 3606 3094 3606 3606 3606 3606 3606 3606 3606 3606 3606 3606 3606 3606 3606 3606 3606 3606 3606 3606 3606 3606 3606 3606 3606    0    0    0    0    0    0    0    0    0    0    0    0    0    0    0    0    0    0    0    0
13 3350 2326 1814 1814 1814 1814 1814 1814 2582 3606 3606 3606 3606 3606 3606 3606 3606 3606 3606 3606 2326 3606 3606 3606 3606 3606 3606 3606 3606 3606 3606 3606 3606 3606 3606 3606 3606 3606 3606 3606 3606 3606 3606 2838    0    0    0    0    0    0    0    0    0    0    0    0    0    0    0    0    0    0    0    0
14 3350 3094  790  790  790  790  790  790 3350 3606 3606 3606 3606 3606 3606 3606 3606 3606 3606 3606 3094 3606 3606 3606 3606 3606 3606 3606 3606 3606 3606 3606 3606 3606 3606 3606 3606 3606 3606 3606 3606 3606 3606 3606    0    0    0    0    0    0    0    0    0    0    0    0    0    0    0    0    0    0    0    0
15 3350 3862 1814 1814 1814 1814 1814 1814 3606 3606 3606 3606 3606 3606 3606 3606 3606 3606 3606 3606 3862 3606 3606 3606 3606 3606 3606 3606 3606 3606 3606 3606 3606 3606 3606 3606 3606 3606 3606 3606 3606 3606 3606   22    0    0    0    0    0    0    0    0    0    0    0    0    0    0    0    0    0    0    0    0
16  278  534   22  278  278  278  278  534  790 3606 3606 3606 3606 3606 3606 3606 3606 3606 3606 3606  534   22  278  278  278  278  278  278  278  278  278  278  278  278  278  278  278  278  278  278  278  278  534  790    0    0    0    0    0    0    0    0    0    0    0    0    0    0    0    0    0    0    0    0
17 1030 1286 1542 1542 1542 1542 1542 1542 1542 1798 2054 1286 1542 1798 2054 1286 1542 1798 2054 1286 1542 1798 2054 1286 1542 1798 2054 1286 1542 1798 2054 1286 1542 1798 2310 2566 1286 1542 1798 2054 1286 1542 1798 2822    0    0    0    0    0    0    0    0    0    0    0    0    0    0    0    0    0    0    0    0
18 3078 2566 1798 1798 1798 2566 1798 2566 2566 2054 3334 3590 3846    6 3334  262  518  774 3334 1030 1286 1542 3334 1798 2054 2310 3334 2566 2822 3078 3334 3334 3590 2054 3846    6  262  518  774 3334 2054 1030 1286 1542    0    0    0    0    0    0    0    0    0    0    0    0    0    0    0    0    0    0    0    0
19 1798 2054 2054 2054 2054 2054 2054 2054 2054 2054 2310 2566 2822 3078 2310 3334 3590 3846 2310    7  263  519 2310  775 1031 1287 2310 1543 1799 2055 2310 2311 2567 2823 3079 3335 3591 3847    7 2310  263  519  775 1031    0    0    0    0    0    0    0    0    0    0    0    0    0    0    0    0    0    0    0    0
20 1287 1543 1543 1543 1543 1543 1543 1543 1543 1543 1799 1543 1543 1543 1799 1543 1543 1543 1799 1543 1543 1543 1799 1543 1543 1543 1799 1543 1543 1543 1799 1543 1543 1543 2055 2311 1543 1543 1543 1799 1543 1543 1543 2567    0    0    0    0    0    0    0    0    0    0    0    0    0    0    0    0    0    0    0    0
21 2823 1543 1543 1543 1543 1543 1543 1543 1543 1543 3079 1543 1543 1543 3079 1543 1543 1543 3079 1543 1543 1543 3079 1543 1543 1543 3079 1543 1543 1543 3079 1543 1543 1543 3335 3591 1543 1543 1543 3079 1543 1543 1543 3847    0    0    0    0    0    0    0    0    0    0    0    0    0    0    0    0    0    0    0    0
22 1287 1543 1543 1543 1543 1543 1543 1543 1543 1543 1799 1543 1543 1543 1799 1543 1543 1543 1799 1543 1543 1543 1799 1543 1543 1543 1799 1543 1543 1543 1799 1543 1543 1543 2055 2311 1543 1543 1543 1799 1543 1543 1543 2567    0    0    0    0    0    0    0    0    0    0    0    0    0    0    0    0    0    0    0    0
23    7  263  263  263  263  263  263  263  263  263  519  263  263  263  519  263  263  263  519  263  263  263  519  263  263  263  519  263  263  263  519  263  263  263  775 1031  263  263  263  519  263  263  263 1287    0    0    0    0    0    0    0    0    0    0    0    0    0    0    0    0    0    0    0    0
24 1543 1799 2055 2055 2055 2055 2055 2055 2055 2311 2567 1799 2055 2311 2567 2823 3079 3335 3591 3847    7  263  519  775 1031  263 1287 3847 3079 3335 3591 1543 1799 2055 2311 2567 2823 3079 3335 3591 3847 3079 3335 3591    0    0    0    0    0    0    0    0    0    0    0    0    0    0    0    0    0    0    0    0
25 3078 2566 1798 2054 1798 2310 1798 2054 1798 2310 3334  262  518  774 3847  263  263  263  263  263  263 3334 1798 2054 2310 3847  263  263  263  263  263  263 3334 2566 2822 3078 3847  263  263  263  263  263  263    7    0    0    0    0    0    0    0    0    0    0    0    0    0    0    0    0    0    0    0    0
26  263 2566 3334 3590 2054 3846 3334 3590 2054 3846  519  775 1031 1287 1543  263  263  263  263  263  263  519 1799 2055 2311 1543  263  263  263  263  263  263  519 2567 2823 3079 1543  263  263  263  263  263  263 3335    0    0    0    0    0    0    0    0    0    0    0    0    0    0    0    0    0    0    0    0
27 3591 3847    7    7    7    7    7    7    7  263  519 3847    7  263  519  775 1031 1031 1031 1031 1287  519 3847    7  263  519  775 1031 1031 1031 1031 1287  519 3847    7  263  519  775 1031 1031 1031 1031 1287 1543    0    0    0    0    0    0    0    0    0    0    0    0    0    0    0    0    0    0    0    0
