 0    0    0    0    0    0    0    0    0    0    0    0    0    0    0    0    0   15  255  255   15  255  255 4095   15  255   15  255   15   15  255    0    0 3840  240 3840  240 3840  240 3840  240 3840  240 3840  240 3840  255    0    0   15  255  255   15   15   15 3840  255    0    0 3855  240 4080  255    0    0
 1   15  255  255   15    0   15 3840  255    0   15  255   15   15  255    0    0    0  255    0  255    0  255   15  255  255  255    0  255 3840  255    0    0 4095  255  255    0  255  255    0   15  255   15  255   15   15  255    0    0   15  255  255   15  255    0  255  255  255   15  255   15   15  255    0    0
 2 4095  255  240   15  240   15    0  240 3840    0 3840    0 3840    0    0    0   15  255  255   15  255   15   15  255  255   15  255   15   15  255    0    0   15  255  255   15  255   15   15  255    0   15  255   15   15  255    0    0 3840  240 3840  240    0  255    0  255 3855  255   15   15  255 4095    0    0
 3  255  255   15   15   15   15   15  255   15   15   15   15  255  255    0    0    0  255   15   15  255    0  255    0  255    0   15   15    0  255    0    0  255  255   15   15   15   15   15   15   15   15   15   15  255  255    0    0  255  255   15    0   15   15   15  255   15   15   15    0  255  255    0    0
 4 4095  255   15    0   15   15   15  255   15   15   15    0 4095    0    0    0    0  240   15   15  255    0  255  255  255   15   15   15    0  255    0    0  255 4095   15   15   15   15   15  255   15   15   15   15  255 4095    0    0 3840  255 3840  240 3840  240 3840  240 3840  240 3840  240 3840  255    0    0
 5 3840  255    0  255    0  255    0  255   15  255   15  255    0  240    0    0  255    0   15   15   15  240   15  255   15  255   15   15 4095    0    0    0 4095    0   15    0   15    0   15    0   15    0   15    0  255  255    0    0  255 3855   15  255 3840   15 3855   15 3855   15   15   15  255 4095    0    0
 6  255 3855 3855    0 3840  240 3855  255   15  255   15   15  255    0    0    0   15  255  255   15  255   15  255   15  255   15  255   15   15  255    0    0  255  255   15   15   15   15   15  255   15    0   15    0 4095    0    0    0   15  255  255   15  255   15  255   15  255  255  255   15   15 4095    0    0
 7  255  255   15   15   15   15   15  255   15   15   15   15 4095 3840    0    0   15  255  255   15  255    0   15  255  240   15  255   15  255  255    0    0 4095 4080 4080 4080 3840  240 3840  240 3840  240 3840  240 3840  255    0    0 4095 3855   15    0   15    0   15    0   15    0   15    0 3840   15    0    0
 8 4095 3855   15    0   15    0 3840   15 3840   15 3840  240 3840  240    0    0 4095 4080 4095  240 4095  240   15  255   15  255   15  255   15  255    0    0  255 3855   15    0 3840   15 3840  240    0  255   15   15  255 3840    0    0 4095 3855   15    0 3840   15 3840  240 3840  240 3840  240 3840  255    0    0
 9 3855   15   15   15   15  255 3840  240 3840    0   15   15   15  255    0    0    0    0    0    0 4095    0 3840  240 3855  240 4080  240   15  255    0    0  255    0  255    0  255    0 4095  240  255  255  255  255 4095  240    0    0    0    0    0    0   15  240  255  255  255    0  255  255   15  240    0    0
10    0  255    0  255    0  255   15  255  255  255  255  255   15   15    0    0    0    0    0    0 3855  240  255  255 4095  255  255    0 3855  240    0    0 3840  240 3840   15 3840    0 3855  240 3840    0 3840    0 3840    0    0    0    0    0   15   15  255  255  255  255   15  255    0  255  255  240    0    0
11   15    0   15    0   15    0   15  240   15  255   15  255   15  255    0    0 3840    0    0    0 3840    0 3840    0 3840    0 3840    0 3840    0    0    0 3840    0    0    0 3840    0 3840    0 3840    0 3840    0  255    0    0    0  255    0  255    0  255    0  255  255 4095    0 4095  240  255  255    0    0
12 3840    0 3840    0 3840    0 3840    0 3840    0 3840    0 3840    0    0    0    0    0    0    0  240   15 4095  255 4080   15 4080   15 4080   15    0    0    0    0    0    0 3855  240   15  255   15  255   15  255   15  255    0    0    0    0    0    0 3855  240  255  255  255  255  255  255 3855  240    0    0
13    0    0 4095  240  255  255  255  255 4095  240  255    0  255    0    0    0    0    0   15  255  255  255  255  255   15  255    0  255    0  255    0    0    0    0    0    0   15  255   15    0   15    0   15    0   15    0    0    0    0    0    0    0 3855  255  255    0 3855  240    0  255 4095  240    0    0
14    0    0 3840    0 3855  240 3840    0 3840    0 3840    0 3840  240    0    0    0    0    0    0   15  255   15  255   15  255   15  255 3840  240    0    0    0    0    0    0   15  255   15  255   15  255 3840  240 3840    0    0    0    0    0    0    0  255   15 4095   15 4095   15   15  255   15  255    0    0
15    0    0    0    0  255   15   15  240 3840    0 3855  240  240  255    0    0    0    0    0    0  255  255   15  255 3855  240 3840    0  255    0    0    0    0    0    0    0  255  255 3840  240 3840    0   15    0 4095  255    0    0 3855  255    0  240    0  240 3855  255 3840    0 3840    0 3840    0 4095  255
16 4095   15  240   15 4095   15 4095   15    0   15   15    0   15    0 3855  255 3855  255    0  240 3855  255 3840    0 4095  255 3855  255    0   15    0   15    0   15 4095   15 3840   15 3840   15 3840   15 3840   15 3840   15    0   15 4095   15 3840   15 3840   15    0   15 4095   15   15    0   15    0 3855  255
17 3855  255 3840    0    0  240 3840    0 4095  255 3840  240   15   15 3840  240    0   15 4095   15    0   15   15   15   15   15  240   15 4080   15    0   15 3855  255    0   15 3855  255 3855  255 3840    0 3840    0 3840    0 4095  255 3840    0 3840    0    0  240   15   15 3840    0 3840    0 3840    0 4095  255
18    0   15   15   15 4080   15 4080   15 4080   15 4080   15   15   15    0   15 3855  255    0   15    0   15 3840    0 4095  255 3840  240   15   15 3840  240 3855  255   15    0   15    0 3855  255 3840    0 3840    0 3840    0 4095  255   15   15 4095   15   15   15 4080   15    0   15 3840  240   15   15 3840  240
19 4095  240 3840  240 4095  255 3840  240    0  240 3840    0    0  240   15   15 4095   15   15   15  240   15  240   15    0   15 3840  240   15   15 3840  240   15   15 3855  255 3855  255 4095  255 3840    0 3840  240   15   15 3840  240 4095   15 3840   15 3840   15 3840   15    0   15    0   15 4095   15    0   15
20    0   15 4095   15  240   15  240   15  240   15  240   15 4095   15    0   15    0   15 4095   15 3840   15 4095   15  240   15  240   15 4095   15    0   15    0  240 4095  240  240  240  240  240  240  255  240  240 4095  240    0  240 3855  255   15   15   15   15 3855  255 4095  255 3840    0 3840    0 3840    0
21    0   15    0   15   15   15   15   15  240   15  240   15 4080   15    0   15 3855  255    0   15    0   15    0   15 4095  255 3840    0 3840    0 3840    0   15   15 4080   15 4080  255   15   15    0   15  240    0  255   15  255  240 3840  240   15   15 3840  240 4095  255    0    0 3855  255   15   15 3855  255
22 4095   15  240   15  240   15 4095   15    0   15   15    0   15    0 3855  255 3855  255   15    0 3855  255 3840    0 4095  255 3840  240   15   15 3840  240 4095   15 3840   15 3840   15 3840   15    0   15 3840  240   15   15 3840  240    0   15 4095   15 4080   15 4080   15 4080   15 4080   15 4095   15    0   15
23 4095   15 3840  255 3840   15 3840  255    0   15 3855  255    0   15    0   15 4095   15   15   15  240   15  240   15    0   15   15    0   15    0 3855  255 4095   15   15   15 4080   15    0   15 4095   15 3840  240   15   15 3840  240 3855  255   15    0 3855  255 3840    0 4095  255 3855  255    0  255 3855  255
24    0   15 4095   15    0   15   15   15   15   15  240   15 4080   15    0   15 4095   15 3840   15 4095   15 4095   15    0   15    0   15 4095   15    0   15    0   15   15   15 4080   15 4080   15 4080   15 4080   15   15   15    0   15 3840  240   15   15   15   15 3840  240 3840    0 3840    0 3840    0 4095  255
25 3840    0    0  240   15   15 4095  255    0    0   15   15 3855  255 3855  255    0   15    0   15   15   15   15   15  240   15  240   15 4080   15    0   15 4095   15 4080   15 4080   15 4095   15    0   15 3855  255    0   15    0   15   15   15 4080   15 4080  255   15   15    0   15   15    0   15    0 3855  255
26 4095   15  240   15  240  255 4095   15    0   15 3855  255    0   15    0   15   15   15   15   15  240   15  240   15    0   15   15    0   15    0 3855  255 4095   15 3840  255 3840   15 3840  255    0   15 3855  255    0  255 3855  255    0   15 4095   15    0   15   15   15   15  255  240   15 4080   15    0   15
27   15   15   15   15  240  255  240   15    0   15 3855  255    0  255 3855  255 4080   15 4080  255 4095   15 4095  255    0   15   15    0   15    0 3855  255 3855  255    0  240    0  240 3855  255    0  240    0  240    0  240 4095  255   15   15   15   15  240   15  240   15    0   15 3840  240   15   15 3840  240
28 4095   15   15  255   15   15 4095  255    0   15 3840  240   15   15 3840  240 3840    0    0  240   15   15 3840    0 4095  255 3855  255    0  255 3855  255 4095   15 3840   15 3840   15 3840   15    0   15 3855  255    0  255 3855  255 3840    0    0  240   15   15 4095  255 3840    0 3855  255    0  240 3855  255
29 4095   15 3840  255 3840   15 3840  255    0   15 3840  240   15   15 3840  240   15   15 4080   15   15  255 4095   15    0   15   15    0   15    0 3855  255 3840    0 3840    0    0  240   15   15 4095  255 3840    0 3840    0 3840    0    0   15 4095   15 3840   15 3840   15 3840   15 3840   15 3840   15    0   15
30 3840    0 3855  255 3840  240    0  240 4095  255 3840    0 3840    0 3840    0   15    0   15    0 3855  255 4095  255    0    0 3855  255    0  240 3855  255    0   15   15   15 4080   15 4080   15 4080   15 4080   15   15   15    0   15   15   15 4095   15   15   15  240   15    0   15 3855  255   15   15 3855  255
31  240   15  240   15  240   15 4095   15    0   15 3855  255    0  240   15   15  240   15  240  255  240   15 4095  255    0   15 3855  255    0   15    0   15 4080   15 4080   15 4095   15 4095   15    0   15 3855  255   15   15 3855  255   15   15   15   15  240   15  240   15    0   15 3855  255   15   15 3855  255
32   15   15 3855  255 3855  255 4095  255 3840    0 3855  255    0  255 3855  255    0   15 4095   15 3840   15 4095   15  240  255  240   15 4095   15    0   15 4095   15   15   15  240  255  240   15    0   15 3840  240   15   15 3840  240   15   15   15   15 3855  255 3855  255 4095  255 3840    0 3840    0 3840    0
33 3855  255    0   15    0   15 4095  255 3840    0   15    0   15    0 3855  255 3855  255 3840    0    0  240 3840    0 4095  255 3840  240   15   15 3840  240 3855  255    0   15 3855  255 3855  255    0  240    0  240    0  240 4095  255   15   15 4095  255   15   15 4080  255    0   15 3840  240   15   15 3840  240
34 3855  255 3840    0    0  240 4095  255 3840    0 3840  240   15   15 3840  240 3855  255 3855  255 3855  255 4095  255    0    0 3855  255    0   15    0   15   15   15   15   15  240  255  240   15    0   15 3840  240   15   15 3840  240   15    0   15    0 3855  255 4095  255    0    0 3840  240   15   15 3840  240
35   15   15 4095   15   15   15  240   15    0   15 3855  255    0   15    0   15    0   15 4080   15 4080   15 4080   15 4095   15 4080   15 4095   15    0   15    0   15    0   15 4095   15    0   15 4095   15 4080   15 4095   15    0   15 3840    0 3855  255 3840  240    0  240 3840    0 3840    0 3840    0 4095  255
36    0    0    0    0    0    0    0    0    0    0    0    0   15    0    0    0    0    0    0    0    0    0 3840    0    0    0    0    0    0    0    0    0    0    0    0   15    0    0    0   15    0    0    0    0    0    0    0    0    0    0    0    0 3855  255    0    0 3855  255    0    0    0    0    0    0
37    0    0    0   15    0  240 3840    0    0    0   15    0    0    0    0    0 4095    0  240  240  240  240    0    0 3840  255    0  240    0  240    0    0  240    0  240    0  240   15  255  240  240  255    0    0    0  255    0    0 3855  240  255  255  255  255 3840  240 3840    0    0    0 3840    0    0    0
38 3840    0 3840    0 3840    0 3840    0 3840    0    0    0 3840    0    0    0   15    0  240   15   15  240 3840    0    0   15   15  240  240   15    0    0    0    0    0    0    0    0 3855  255    0    0    0    0    0    0    0    0    0    0    0    0 3840    0    0    0    0    0 3840    0    0    0    0    0
39 3840  240 3840    0 3840    0 3840    0 3840    0 3840    0 3840  240    0    0 3855  255    0   15    0   15    0   15    0   15    0   15 3855  255    0    0 4095  255 3855   15 3855   15 3855   15 3855   15 3855   15 4095  255    0    0 4095 4095 3855 3840 3855 3840   15  240   15  240   15   15  255   15    0    0
40 4095  255   15   15   15   15    0  240    0  240 3840    0 3840    0    0    0 3855 4095    0    0    0    0 3840   15 3840   15    0  240    0 4080    0    0  255    0  240    0  240    0  240    0  240    0  240    0  255    0    0    0 4095    0  240    0  240    0  240    0  240    0  240    0 4095    0    0    0
41 4095  255  240  240  240  240  240  240  240  240  240  240 4095  255    0    0    0 3840    0 3840    0 3840    0 3840    0 3840    0 3840    0 3840    0    0  255  255   15   15    0  240 3840    0    0  240   15   15  255  255    0    0 3855 3855    0    0 3840   15    0  240 3840   15    0    0 3855 3855    0    0
42 3840  240 3840  240 4095 4095 3855  255 3840  255 3855  255   15   15    0    0    0   15    0  240    0  240    0  240    0  240    0  240    0   15    0    0    0    0 3840    0 3840    0 3840    0 3840    0 3840    0    0    0    0    0 3840    0 3840    0 3840    0 4095  255 3840    0 3840    0 3840    0    0    0
43 3855 4095 3840    0 3855 4095 3855 3855 3855 4095   15 3855 3855 4095    0    0  255 4095    0 3840  255 3840    0 3840    0 3840    0 3840  255 3840    0    0 4095    0  240    0   15    0    0    0    0    0    0    0    0    0    0    0 3840    0 3840  240 3840  240 3855  255 3855  255 4095  255 4095  255    0    0
44 3822 3822 3822 3822 3822 3822 3822 3822 3822 3822 3822 3822 3822 3822 3822 3822    0    0    0    0 3855 4095 3840 4095    0 4095    0    0 3855 4095    0    0    0    0  240   15 4095  255 4095  255  255    0    0    0 4095  255    0    0    0    0    0  240 3855 4095 3855 4095 3840  255    0 3840   15 4095    0    0
45    0    0  240   15 4095  255 4095  255  255    0    0    0 4095  255    0    0    0    0    0    0    0    0 3855 4095 3840 4095    0 4095    0    0    0    0    0    0    0    0  240   15 4095  255 4095  255  255    0    0    0    0    0    0    0    0  240 3855 4095 3855 4095 3840  255    0 3840    0 4095    0    0
46    0    0  240   15 4095  255 4095  255  255    0    0    0  255    0    0    0    0    0    0    0    0 4095 3855 4095    0 3855    0    0    0    0    0    0    0    0    0   15 4095  255 3855  240  240    0    0    0 4095    0    0    0 4095 4095 4095 4095 4095 4095  240    0  255    0 4095    0 4095 4095    0    0
47 4095  255 4095  240 3855    0    0    0    0    0 3855  255 4095  255    0    0    0    0    0 3840    0 4095 3840 4095    0 3855 3840 4080 3840  240    0    0    0    0 4095    0 4095  240 4095  255  255   15 4095  240 3840  240    0    0    0    0 4095 4080    0 3855 3840 4095 3855 4095   15 4095 3840 4095    0    0
48    0    0  255    0 4095    0 4095  255 4095  255 4080   15 4095  255    0    0    0    0    0    0 3855 4095    0 3840    0 4095 3840  240    0 4095    0    0    0    0    0    0 3855  255 4095  255 4095  255  240  240 4095  255    0    0    0  240    0   15    0 3840    0 3855 3840 4095 3840 3855 3840 4095    0    0
49    0    0    0    0  255    0  255    0 4095  255 3855   15 4095  240    0    0 3840    0    0  255    0 3840    0 3840    0 4095 3840  240    0 4095    0    0    0    0    0    0 3855  255 4095  255 4095  255  240  240 4095  255    0    0  255    0 3840 3840    0 4095    0   15    0 4095 3840  240    0 3840    0    0
50    0    0    0    0  240    0   15    0  240   15 3855  240  240    0    0    0    0 3840    0 3840    0  255    0 4095    0 4095    0 3855    0 3855    0    0  240    0  240    0   15    0  255    0  255    0  255    0  255    0    0    0    0 3840    0 3840    0 3840    0 3840    0 3855    0 4095 3840 4095    0    0
51    0    0  255    0    0    0  240    0  255    0  255    0 4095    0    0    0    0    0    0   15    0   15    0 3855 3840 3855  255  240 3855 4095    0    0    0    0    0    0    0    0   15  240 4095  240  240  255 4095  255    0    0    0    0    0    0    0 3840    0 3840    0 4080 3855 3855 3840 4095    0    0
52    0    0    0    0    0    0   15    0  255  240 3855  255 4095  255    0    0    0    0    0    0    0    0    0 3840    0 4080 3855 3855 3840 4095    0    0    0    0    0    0    0    0    0    0  240    0 3855  255 4095  255    0    0    0    0    0    0    0    0    0 3840    0 4080 3855 3855 3840 4095    0    0
53    0    0    0    0    0    0   15    0   15    0  255  240 4095  255    0    0    0    0    0    0    0    0    0    0    0   15 3840 4080 3840 4095    0    0    0    0    0    0    0    0    0    0  240    0 4095    0 4095  255    0    0    0    0    0    0    0    0    0 3840    0 3840 3840 4095 3840 4095    0    0
54    0    0    0    0    0    0    0    0    0    0 4095    0 4095  255    0    0    0    0    0    0    0 3840 3855 4095 3840 3855 4095 4095 3855 4095    0    0    0    0    0    0  240    0 4095  255 3855   15 4095  255 4095  255    0    0    0    0    0    0    0 3840 3840 4095 3840 3855 3855 4095 3840 4095    0    0
55    0    0    0    0    0    0 4095  255 3855   15 4095  255 4095  255    0    0    0    0    0    0    0    0    0    0    0 4095 3855 4095    0    0    0    0    0    0    0    0    0   15    0  255 4095  255 4095  240    0    0    0    0    0    0 3840    0 3840 4080 3855 4080   15 3855 3855 4080 3840  240    0    0
56    0    0    0    0 4095  255 4095  255 4095  255 3855   15 4095  240    0    0    0    0    0    0    0    0    0    0    0    0 3840 4095 3840 4095    0    0    0    0    0    0    0    0   15    0  240    0 4095  240 4095  240    0    0    0    0 3840 4095 3840 4095 3840 4095 3840 3840    0 4095    0  255    0    0
57    0    0 4095  255 4095  255 4095  255  255  255 4080    0 3840    0    0    0    0    0    0    0    0    0    0    0    0    0    0    0    0    0    0    0    0    0    0    0    0    0    0    0    0    0    0    0    0    0    0    0    0    0    0    0    0    0    0    0    0    0    0    0    0    0    0    0
61    0  257    0 2326  256 4031 1280  505 2560  241 3840  241 3840  177 3840  177   16    0   81    0  249    0  463    0  287    0  287    0  287    0  287    0 3840  193 3840  241 2560  241 1280  507  256 3999    0 1812    0  257    0    0  287    0  287    0  287    0  479    0  245    0   65    0   16    0    0    0
62    0  256    0 2816    0 3841    0 3871    0 3861    0 3841    0 3841    0 3841   33    0   33    0   49    0   49    0   49    0   49    0   49    0   49    0    0 3841    0 3841    0 3841    0 3841    0 3841    0 2305    0  256    0    0   49    0   49    0   49    0   49    0   49    0   33    0   16    0    0    0
63    0  257    0 2835  256 3903  256  431  256  234    0   17    0  256    0 3072   17    0  147    0  511    0  367    0  287    0  287    0  463    0  249    0    0 3841    0 1307  256  383  256  975  256 4095  256 2457  256  273    0    0   97    0   16    0    0    0   51    0  511    0  409    0   17    0    0    0
