 0  577  577  577  577  577  577  577  577  577  577  577  577  577  577  577  577  577  577  577  577  577  577  577  577  577  577  577  577  577  577  577  577  577  577  577  577  577  577  577  577  577  577  577  577    0    0    0    0    0    0    0    0    0    0    0    0    0    0    0    0    0    0    0    0
 1  577  577  577  577  577  577  577  577  577  577  577  577  577  577  577  577  577  577  577  577  577  577  577  577  577  577  577  577  577  577  577  577  577  577  577  577  577  577  577  577  577  577  577  577    0    0    0    0    0    0    0    0    0    0    0    0    0    0    0    0    0    0    0    0
 2  577  577  577  577  577  577  577  577  577  577  577  577  577  577  577  577  577  577  577  577  577  577  577  577  577  577  577  577  577  577  577  577  577  577  577  577  577  577  577  577  577  577  577  577    0    0    0    0    0    0    0    0    0    0    0    0    0    0    0    0    0    0    0    0
 3  577  577  577  577  577  577  577  577  577  577  577  577  577  577  577  577  577  577  577  577  577  577  577  577  577  577  577  577  577  577  577  577  577  577  577  577  577  577  577  577  577  577  577  577    0    0    0    0    0    0    0    0    0    0    0    0    0    0    0    0    0    0    0    0
 4  577  577  577  577  577  577  577  577  577  577  577  577  577  577  577  577  577  577  577  577  577  577  577  577  577  577  577  577  577  577  577  577  577  577  577  577  577  577  577  577  577  577  577  577    0    0    0    0    0    0    0    0    0    0    0    0    0    0    0    0    0    0    0    0
 5  577  577  577  577  577  577  577  577  577  577  577  577  577  577  577  577  577  577  577  577  577  577  577  577  577  577  577  577  577  577  577  577  577  577  577  577  577  577  577  577  577  577  577  577    0    0    0    0    0    0    0    0    0    0    0    0    0    0    0    0    0    0    0    0
 6  577  577  577  577  577  577  577  577  577  577  577  577  577  577  577  577  577 1089 1601 2113 2625 3137 3649   65  577 1089 1601  577  577  577  577  577  577  577  577  577  577  577  577  577  577  577  577  577    0    0    0    0    0    0    0    0    0    0    0    0    0    0    0    0    0    0    0    0
 7  577  577  577  577  577  577  577  577  577  577  577  577  577  577  577 2113 2625 3137 3649 3649   65  577 1089 1601 3649 3649 3649 2113 2625  577  577  577  577  577  577  577  577  577  577  577  577  577  577  577    0    0    0    0    0    0    0    0    0    0    0    0    0    0    0    0    0    0    0    0
 8  577  577  577  577  577  577  577  577  577  577  577  577  577  577 3137 3649 3649 3649   65  577 1089 1601 2113 2625 3649 3137 3649 3649   65  577 1089  577  577  577  577  577  577  577  577  577  577  577  577  577    0    0    0    0    0    0    0    0    0    0    0    0    0    0    0    0    0    0    0    0
 9  577  577  577  577  577  577  577  577  577  577  577  577  577 1601 3649 3649 2113 2625 3137 3649 1601   65  577 1089 1601 2113 2625 3137 3649 3649 3649  577  577  577  577  577  577  577  577  577  577  577  577  577    0    0    0    0    0    0    0    0    0    0    0    0    0    0    0    0    0    0    0    0
10  577  577  577  577  577  577  577  577  577  577  577  577   65  577 3649 1089 1601 2113 2625 1601 3137 3649   65  577 1089 1601 2113 2625 3137   65 3649 3649  577  577  577  577  577  577  577  577  577  577  577  577    0    0    0    0    0    0    0    0    0    0    0    0    0    0    0    0    0    0    0    0
11  577  577  577  577  577  577  577  577  577  577  577   65  577 1089 1601 2113 2625 1601 1601 3137 3649   65  577 1089 1601 2113 1601 2625 3137 3649   65  577 1089  577  577  577  577  577  577  577  577  577  577  577    0    0    0    0    0    0    0    0    0    0    0    0    0    0    0    0    0    0    0    0
12  577  577  577  577  577  577  577  577  577  577  577 1601 2113   65  577 1089 2625 3137 1601 3649   65  577 1089 1601 2113 1601 1601 1601 2625 3137 1089 3649   65  577  577  577  577  577  577  577  577  577  577  577    0    0    0    0    0    0    0    0    0    0    0    0    0    0    0    0    0    0    0    0
13  577  577  577  577  577  577  577  577  577  577  577  577 1089 1601 2113 2625 3137 3649   65 1601 1601  577 1089 1601 1601 1601 2113 2625 1601 3137 3649   65  577  577  577  577  577  577  577  577  577  577  577  577    0    0    0    0    0    0    0    0    0    0    0    0    0    0    0    0    0    0    0    0
14  577  577  577  577  577  577  577  577  577  577  577 1089 1601 2113 2625 3137 3649   65  577 1089 1601 1601 1601 2113 2625 3137 3649   66  578 1601 1090 1602 2114  577  577  577  577  577  577  577  577  577  577  577    0    0    0    0    0    0    0    0    0    0    0    0    0    0    0    0    0    0    0    0
15  577  577  577  577  577  577  577  577  577  577  577 2626 3138 1601 3650   66  578 3137 3649 1090 1602 1601 1601 2114 2626 3138 3650   66  578 1090 1602 2114 2626  577  577  577  577  577  577  577  577  577  577  577    0    0    0    0    0    0    0    0    0    0    0    0    0    0    0    0    0    0    0    0
16  577  577  577  577  577  577  577  577  577  577  577 3138 3650   66 1601 1601  578 1090 1602 2114 1601 2626 3138 1601 3650   66  578 1090 3650 1602 2114 2626 3138  577  577  577  577  577  577  577  577  577  577  577    0    0    0    0    0    0    0    0    0    0    0    0    0    0    0    0    0    0    0    0
17  577  577  577  577  577  577 3650  577  577  577  577   66  578 1090 1602 2114 1601 2626 3138 1601 3650   66  578 1090 1601 1602 2114 2626 3138  578 1090 3650   66  577  577  577  577  577  577  577  577  577  577  577    0    0    0    0    0    0    0    0    0    0    0    0    0    0    0    0    0    0    0    0
18  577  577  577  577  578 1090 1602 2114  577 2626 3138 3650   66  578 1090 1602 2114 1601 1601 2626 3138 3650   66  578 1090 1601 1602 2114 2626  578 1090 3138 3650   66  577 2626 3138  578 1090 1602  577  577  577  577    0    0    0    0    0    0    0    0    0    0    0    0    0    0    0    0    0    0    0    0
19  577  577  577 2114 2626 3138 3650   66 2114  578 1090 1602 2114 2626 3138 3650   66  578 1090 1602 2114 2626 3138 3650   66 1601  578 1090 1602 2626 3138 2114 2626 3138 2114  578 3650   66  578 1090 2114  577  577  577    0    0    0    0    0    0    0    0    0    0    0    0    0    0    0    0    0    0    0    0
20  577  577 2626 1602 2114 2626 3138 3650 3138   66  578 1090 1602 2114 2626 3138 3650   67  579 1091 1603 2115 2627 3139 1601 3651   67  579 1091 1603 2115 2627 3139 3651   67   66  579 1091 3138 1603 2115 2627  577  577    0    0    0    0    0    0    0    0    0    0    0    0    0    0    0    0    0    0    0    0
21  577  577 3139 3651   67  579 1091 1603 3651 1090 2115 2627 3139 3651   67  579 1091 1603 2115 2627 3139 3651 1601   67  579 1091 1603 2115 2627 3139 3651   67  579 1091 1603 1090 2115  579 1091 2627 3139 3651  577  577    0    0    0    0    0    0    0    0    0    0    0    0    0    0    0    0    0    0    0    0
22  577  577   67  579 1091 1603 2115 2627 3139 3651   67  579 1091 1603 2115 2627 3139 3651   67  579 1091 1603 2115 2627 3139 3651   67  579 1091 1603 2115 2627 3139 3651   67 3651  579 1603 2115 1091 1603 2115  577  577    0    0    0    0    0    0    0    0    0    0    0    0    0    0    0    0    0    0    0    0
23  577  577 2627 3139 3651   67  579 1091 1603 2115 2627 3139 3651   67  579 1091 1603 2115 2627 3139 3651   67  579 1091 1603 2115 2627 3139 3651   67   67  579 1091 1603 2115 2627 3139   67  579   67  579 3651  577  577    0    0    0    0    0    0    0    0    0    0    0    0    0    0    0    0    0    0    0    0
24  577  577   68  580 1092 1604 2116 2628 3140 3652   68  580 1092 1604 2116 2628 3140 3652   68  580 1092 1604 1604 2116 2628 3140 3652   68  580 1604 1092 1604 2116 2628 3140 3652   68 1604 2116 2627 3139  580  577  577    0    0    0    0    0    0    0    0    0    0    0    0    0    0    0    0    0    0    0    0
25  577  577 1092 1604 2116 2628 3140 3652   68  580 1092 1604 2116 2628 3140 3652   68  577  580 1092 1604 2116 2628 3140 3652   68  580 1092 1604 2628 2116 2628 3140   68 3652   68  580 2628 3140 1092 1604 2116  577  577    0    0    0    0    0    0    0    0    0    0    0    0    0    0    0    0    0    0    0    0
26  577  577 2628 3140 3652   68  580 1092 1604 2116 2628 3140 3652   68  580 1092 1604  577 2116 2628 3140 3652 3652 3652   68  580 1092 1604 2116   68 2628 3140 3652 1604  577  580   68   68  580  580 1092 1604  577  577    0    0    0    0    0    0    0    0    0    0    0    0    0    0    0    0    0    0    0    0
27  577  577 2116 2628 3140 3652   68  580 1092 1604 2116 2628 3140 3652   68  580 1092  577 1604 2116 3652 3652 3652 3652 2628 3140  577 3652   68 3140 3652  580 1092 1604  577 2116 2116 3652   68 2628 3140 1604  577  577    0    0    0    0    0    0    0    0    0    0    0    0    0    0    0    0    0    0    0    0
