 0  256  273 1281 2390 3585 4075 2322 3993 3860 4094 2305 4081 3918 4094 3625 4089  273   16 3998   65 1465   17 2489  149 4094  230 3665   17 4094  494 4025  409 2305 4081 3861 4095 1281 3935 1537 4095 3864 4066 1309 3857  257 2305    0  256 3665   17 4095  249 1535   82 1679   17 3922  504 1361  223  289   17   16    0
 1  256   33 1280  249 2816  242 3840  481 3841 4095 3841 1535 1561 2543  278 1263  257    0 1049   16  287    0  303   17 4079  511 4094  501 3829  225 3745  225  257  495  256  239  256  239  256  239  256  239  256  239  256   69    0   17 3601  225 3584  225 3584  225 3584  225 3841  225 3861  161  257   16    0    0
 2  256   17 2816  434 3841 1752 3092 3007  539 2093  274  441 1281  504 3585 4040   17    0  332   17 2207  392 4089  392 4017   97 2064   97 2833  177 4095  511 3860 1459 3356 3761 2836 3249 2817  945 2816  433 2816  177 1536   97  256   16 3157  453 2897  177 3044  177 3028  177 2833  177 3860  177 2049   33  256   16
 3  257  273 2322 2457 3604 3839  257  511 1024  506 2816 4095 3840 4069 3841 3937  273   17 2457  409 3823  494  287   17  287  274  351  351 3615  254 3615   81 3864 3833  257 2223    0  287  256  447 3841  251 3860   97  257   16    0    0  287   16  287    0  287    1  287  532 1311 1114 3870  511  257   17    0    0
 4    0    1    0  285  256 3775 2817 1528 3861 1461 3865 3838 3841  401 3840 3732    0    0  273    0 1262   16  351   17 1535   85 3822  238  273   17 3822   65 3840 2197 3841 1413 3841 1365 3841 1301 2328 2069  280 3841  257  256    0    0 3925   81 3857   81 3865   33 1045  280 1365  415 4095  255  273   17    0    0
 5  256  272 3840 2177 3841 3201 3864 1720 3871 3007 3871 2911 3871 2143 3871 1375  273   17 2184  392 3276  460 2184  131 3035  245 2245  245 3003  179 1365   85 3871 3935 3871 3935 3871 4095 3864 3990 3841 3969 3840 3969 2048 2129  256  272 3021  223  344  143 4095  255  344  143 1417  159 3019  223  305   53   16   17
 6  256  256 2305 1297 3841 4081 1280 2465  256 2321  257 2321 2325 2401 3862 2529  273   17 1525   85 4072  511 2321  351 2321  351 2321  351 2321  351 2321  351 3585 3553 3584 4079 3584  486 3841  498 3861 2559 1306 3862  274  257    1    0 2470  351 3813  511 2321  130 2321   17 1365  341 4095  511  273   17    0    0
 7    0  257  513 2326 3860 2398 2817 2334  256 2590  257  542 2345 3870 3935 1310  273   17 2457  153 2457  239 2457  239 4090  249 4091  225 4095  255 1371   85 3841 3615 3841 1375 3841 3823 3841  393 3865 1535  335 3882    2  257    0    0 4095  254 1371  341 3823  494  281   17 1369  341 4095  511  273   17    0    0
 8  257  324 2326 2559 2326 2559 3588 3839 2837 4095 3861 4095 2306 2559 3610 3839  256   22 3686  511 2414   82  366  273 3998 1535  415  510  351  254  495  254 1300 1535 3585 3822 3840 1525 3840 4095 3840  481 3840 4095 2304  353  256   16  415  254 3822  225 3925  241 4095  241 3601  241 4095  241 1553  145  256   16
 9  256  272 3840 4017 3841 4001 3841 3873 3585 3935 3609 3861 3615 3857 3695 3857  256    0 2577   16 3601   16 3601   17 4095  254 3925   84 3601   17 3601   17 3605 3945 3585 3758 3585 2577 3585 3857 3585 1103 3585  511 1537   17  256    0 3993  409 3822  494 2577   17 3905  177 2832  251  256  447    0   22    0    1
10  256   17 1281  365 3841  510 3841  273 3841  494 3841 2457 3841 2065 3841 1774  273   16 2409   97 4079  225 3822  225 3837  489 3829  511 1185  409 3822  234 3841 1433 3841  273 3841  479 3869  470 3861 1553 3841 3857 1281  272  256    0 2543  255 1375  245 3870  209 3865   81 4079  507  436  415   17   17    0    0
11  256   83  256  248  257  504 2067 1789 3860 2557 2321 1521 3329 2789 3328 1790  257    0 2578   16 1560  273 2095  904 3487 1279  511  431  511  221  318  249 3328 1445 3840 1413 3841 1381 3841 1334 2579 1626  790 2735  257  307    0   17 1559  246 3858  241 3857  161 3862  502  991  751  504 1069   49  273   16    0
12  256  321 1280 1528 3328 4086 3840 1489 3841  337 3842 1365 3870 3999 3919 1105  273   17 1365   82 4095  249 1365   82  273   17 1365  341 4095  511  507   17 3865 2385 3841 3921 3841 3921 3841 3921 3841 3945 3841 3679 2305  289  256   16  757   16 4081  145 4001  241 2081  249 4030  255 1209  399  273   18    0    0
13  256   17 2322  409 3604 2542 2329 3737 3614  494 3604 3822 2322 2457 3604  494    1    0  286   17 2463  431 4079  255 2590  245 4079  510 3999  409 1439   84 2322 3993 3606 4078 2329 1519  281 1439 2329 1519 3609 1535  274  529    1  256 4095  254  501  238 3839  254 2555  254 2555  254 3839  254  402   68   17   17
14    0  256  256 3857 2049 3976 2817 4061  257 3857 2070 3976 3352 3293  257 3633    0   16  273   81 1672  249 4059  226 3602   65 3211  392 3070  443  452   17  256 2143 2817 2559 3355 2959  276  351  257 1375  256 3883    0  273    0    0 3363  177 3039   97  389   17  273  392 1365  478 4095  248  273   17    0    0
15  256  273 1280 1365 3840 4095  256  273    0  256  257 2321 1298 2901 3865 4095  273   17 1365   81 4095  246 3857  177 2079   16  511   17 1529  597 4095  767  257 2321    0 2304    0 2304    0 2305    0 3346    0 3861    0  257    0    0  501   17  245    0  245    0  245    0  245    0  225    0   16    0    0    0
16  256  272 3329 2129 3585 3395 2069 2269 2843 4085 3857 4017 3857 4029 3352 4031  273   17 2184  392 3549  477 2184  392 3549  479 2184  415 1365  341 3003  443 3867 3995 3859 3941 3867 4031 3867 3996 3869 3932 3857 3931 1280 1313  256  272 3983  399 3935  351 4095  511 3935  351 3935  351 2907  415  289   54   16   17
17  256    0 2305  273 3841  500 1024  442  256 2322  257  273 2322 2961 3860 4094  273    0 3814   17 4089   18 4089  287 4089  495 4089   68 4086  145 4085  511 3585 2805 3584 4081 3584 4082 3585 1272 3858 1535 3353 3865  257  513    0  256 4081  301 4049   18 3905 1369 3601  494  273   17 4095 1535 1365  341  273   17
18  256  273 2049 2184 3841 3565 3841  337 3841 1397 3841 4095 3841  849 3841 2216  273   17 2184  131 4061  245 2065  245 2645  245 4095  245  504   17 2301  392 3841 3565 3841  337 3841  337 3841 1617 3858 4061 3866 1018  789  273  257   16 3583  477  431   17  367    1  607  278 3716  351 3601  511  256   68    0   17
19    0    0  257  273 3861 3662 2817 1301  256 4079  257 3857 2345 3929 3935 2393   17    0  415   17 3839  230 1471   82 4095  511 3905   17 4073  150 2543  150 3857 3610 3841 1300 3841 4079 3841  289 3865  506  591 3950   20 1041    1  256 3839  228 1471   81 4095  511  415   17  345   17 4095  511 1365   85  273   17
20  768  321 1536 3065 2816 2550 3841 1940 3841 3140 3858 1092 3863 3908 3870 1090  273   17 3003  184 1919  219 1103  203 3007  235  287  187 4095  251 1103   68 3862 3915 3841 1099 3841  331 3841 3915 3841 1099 3841  331 1793  310  256   17 4095  511 2383  335 3871  335 3583  447  833  335 1040  463  512  116  256   17
21    0   17  512  504 2048 2811 3840 4089 3841 4072 3602 2415 3860  494  513  511  256   17 1537   18 2321  495 2337  285 3737  409 3995  409 3864   81 3871  241 1536  511 3841 4081 3329 3857 2048  273 3841 1365 2580 2833  257  257    0    0 1503  253  502 1215  353  280  277  134  287  447 1301  287  257   18    0    1
22  257  257 1044 1812 3860 1079 1793 2838  256 2955  273 1862 1847 2839 3919 2839  308   16 1983  113 2463  241 3039  177 3039  443 1911  372 3515  241 3515  241 3857 1815 3841 1815 3841 3862 3857 3640 3879  735 1103 3965  278 1041    1  256 2935  241 2935  241 4027  193 3905  488  785  135 4095  511 1092   68  273   17
23  257   17 1811  375 2836 1979 1815 2935 1815  375 2836  443 1811  375 2836 4027  256   17 1041  132 3979  217 1215   17  287    0  287   17 1871  379 3583  443 1811 1143 2838  443 1815  415  279  335 2839  463 1815  415  276  292    1   17  335   17  287    0  287   17  287  311  287  335 3868  510 1025   67  256   17
24    0   17  256  182  257  503 3860 3071 1042 1273 1044 1273 2840 3069  257  503  257    0 1044   16 1044   16 1044   16 1044   16 3348   65 3092  507 1044  334 1793 1017 1812 2047 2068  503 3863  503 1051 1261  283 3366    1  273    0    0 1044   19 1044   17 1044   16 1044   16  562   17 4095  511  273   17    0    0
25    0 1024  256 2833 3841 4095 2305 2884 1793 3604 1793 1055 3585 1855 1810 3871   65    0  433   17 4095  511 1092  415 3011  383 1164   68  492  415 2946  331 2049 3807 3350 1907 1793 2865 3841 2881 3841 3479 3841 3019 1793  305  256   16 4027   65 1140   17  433  116  433  247 2007  247 3003  247  273   67    0   17
26  256  256 2817 1809 2833 3345 3399 1907 3435 3575 3089 3026 3841 1908 3604 3518  273   17 1911  116 3007  247  287  247 3007  247 1919  247  287  247 3007  247 3918 2036 3454  491 2852 3908 2833 1042 2817 1060 2817 3919 1537  273  256    0 1919  116  287   17 4095  251 1103   68 1103  324 4095  511  273   17    0    0
27    0  256    0 1792  257 3857 3868 4095 1811 3959  257 3967 3073 4092 3868 1905   16    0  113    0  449   17 4095  511 2047  119 1999   17 4033  247 1905  511  277 4095  257 2044  256 4095  256 3327  257 3327 3863 4095 3095 3276  257  273 4095  279 3959   17 4095   16 4044   16 4044   17 4095  511 3276  460  273   17
28  257  273 2843 3003 2324 2372 3329 1979 2817 1911 3329 1979 2305 1862 3871 1977   16    0  321   17 3983  251 1919  219  383  187  383  187 2943  235 1863  118 1812 2423 2836 4027 1025 3908 2817 4027 1044 3908 3871 4095  257  273    0    0 1911  116 3019  182 1140   65 3019  129 1140  324 4095  511  273   17    0    0
29 1024  289 3841 1859 3841 3140 3860 1142 3871 1785 3841 3649 3841 2886 3859  503  273   17 1911  375 3837  463 3063  335 3060  313 3521  398 2852  185  287   17 3887 3940 3862 1090 3841 3137 3841 3908 3841 1151 3865  308  787   17  257    0 4095  511 2543  324 3839   65 3183  228  543  463  287  296  276   17    1    0
30    0  289  256 1535  512 4091 2304  498 3840  481 3841 4065 3858 4065 3867 4065  273   17 1365  341 4095  511  273  159  273  159  511  159  347  159  281  159 3604 4065 3585 4065 3584 4065 3584  481 3584  225 3584  225 1024   65  256   16  347  159  511  159  278  159  273  159 2305  239 3841  250 1280   17  256    0
31    0    0  257  273 2817 3003 3841 1943 3841  321 3841  321 3841 1140 3841 4095    0    0  273   17 3003  184 1911  251  273  251  273  251  324  251  511  251 3841  321 3841   65 3841  321 3841 1943 3841 3019 2817  321  257   16    0    0  273  251  256  251  273  251 1911  251 3003  251  273  118    0   17    0    0
32  256   16 1280  272 3841 4050 1536 2273  257  273 2325 3870 3841 1348  256  273  257   17 2836  246 3839  149  350   17  286   17 4095  511 1375  341  286   17  256 2321 2560 4017 3840 2529 3841 2385 3841 3857 1301 3601  257 1281    0  256 2463  153 3822  255  273  159  273  159 3822  255 2457  239  273   89    0   17
33  256  305 1024 2038 3329 3326 3841 1611 1814 2834 3858 4095 1025 4084 2323 1273  784   65 1905  241 4087  511 2035  500 4043 3071 1905  500 4095  511 1919  241 2323 3065 1555 4087 2305 3068 1793 2040 2322 3325 2836 3700  257 1041    0  256 3979  511 2043  497 4091 2047 2036  497 2047  369 3911 3071  785  836  256  273
34  768  305 3072 1525 3841 4095 2325 1326  257  505 2817 1789 1281 1017 2817 1533  277   17 1343  341 4031  511 3576  177  843  187 2189  477 2189  477 1372  716 1281 1529 3861 3071 2305  507 3841 1279 1560 1531  274  504  256  389    0   17 3003 1211 2136  392 2191  399 3983  511  399  287 3983  511  344  280   17    1
35    0  256  256 3857 1025 3908 3841 4095 2817 3857 2817 3857 3841 4095 3073 3908   16    0  369   17 1172   66 4095  244 1137  244 1137  244 4095  244 1684  180  256 3857  256 3892 1793 2431 1812  383  539 1151  257 3917    0  273    0    0  369   17  353   17 1250  210 1073  236 2372   79 1279   19  273    1    0    0
36    0 1280  257 3857 3604 4078 2837 2457 2325 2457 2049 4079  257 3951 3860 4091   64    0  481   17 3838  238 2457  255 2457  239 3839   69  399   81 2975  250 2837 3933 2817 4094 3861 3925 1025 1775 3860 1525 1281 3857  256 2561    0  256 4095   97 2294   16 4085   65 4085  244 1269  511  497  335   32   17   16    0
37  256  512 1025 3857 3842 3937 3584 3935  256 2577  257 3931 2329 1630 3870 3945  256    0 3873   16 3745   17 4095  511  509   65 2287  246 4095  177 2991   17 3841 1375 3841 3925 3841 1183 3841  401 3865 1791  287 3882   20  273    1    0 4095   97 3002  253  349  367  511   17 1413  341 4095  511  273   17    0    0
38  256  272 2816 1457 2816 3252 2817 3257 2836 4095 2840 4072 2840 2229 2837 2961  273   16 3061  177 3836  440 3164  441 2846  435 3519  987 3464  984 3003  436 3841 2945 3841 2993 3841 3061 3841 2510 2817 3404 1557 1297  257  256    0    0 2957  445 2445  511 2237  507 2908  501 4027 1515 1560  655  274  276    1    1
39  256   16 1280   16 3841  225 1280  481  257 3865 2322 1305 3858  345  513  281    1    0  287    0  287    0  287   17 4095  511 1375  399  287  351  287  351  256 2329 2560 3737 3840  485 3841  337 3602   16 1304   16  257    0    0    0 2463  447 3823  511  287  297  287   17  287    0  287    0  281    0    1    0
40    0  256    0 1280  257 1297 2069 2696 3862 3581 3329  465 3328  209 3328  209   17    0  245    0  501   17 2298  392 3549  477  273   17    0    0    0    0 3328  209 3328  209 3328  209 3328  465 3328 2296  512 3485  256  273    0    0    0    0    0    0    0    0  273   17 2184  134 3549  217  273   17    0    0
41    0  256  256 1297 3585 4078 3841 2457 3841 1302 3841 3614 3841  286 3841 3614   82    0  505   17 3839  494 2457  441 3977  248 2797   82 1301   17 4079  494 3841 2334 3841  286 3585 1310 2817 4095 1558 1382  285 4079  257  273    0    0 3737  409 2577   17 3997   17 4074  390 2901  511  511  431   17   17    0    0
42    0  256  257 3601 1298 3922 3865 4089 1305 4089  281 4089  281 4089  281 1529  273   17 3822  230 2489  249 2489  249 3838  249 1413  249 4095  249 1365   85  281 4089 3865 3833 2329 4089  281 3989    1 3857    0 3841    0 1537    0  256 4095  255  273  159 3822  255 1365  191 2457  239 3822  255  273   89    0   17
43  256  784 2817 3889 3841 3970  793 3355 1306 2991  769 2889 3584 3457 3585 2609  273   16 2146   17 2715  392 3005  443 2187  135 2187  135 3005  185 1370   84 2071 3345  257 2833 1300 3925 2841 4027  257 3857    0 3840    0 2048    0  256 3005  443 1445  341 1477  341 3051  443  433   17  177    0  113    0   16    0
44  256  256  513 2321 3860 2385 1537 2321  257 4095  542 2901 1302 2321  257 3689  257   17 2322  409 3861  511 1301  351 1529  351 3925  511 2069  399 1429  351  256 4079 1537 2542 3841 2542 2069 4079  539 2543  287  358  257   17    0    0 3061  447 3832  511  505  351  511  351  447  351 1711  511  533  132  257   17
45  256  273 1536 2457 3584 3838 3584 1505 3840 4074 3840 3046 3840 2229 3840 4079  273   17 2457  409 3822  511  501  351 3839  399 2555  367 1528  367 4095  495 3840 1426 3841 3993 3841  345 3841 3625 3602 2329 1301  277  257    1    0    0  597  351 2559  351 2321  351 2542  351 2457  399 2577  511  512   65  256   16
46  256  273 3329 1315 3841 4089 1024  401  256  272  257  272 2069  865 3861 2001  273   17 1365   85 4095  255  509  143  505  143  504  143  504  143  500  143 3329 4049 3328 4050 3328 1757 3585  504 3860 3503 1559 3345  257  256    0    0  465  143  337  223 3345  253 3345   98 1414  341 4095  511  273   17    0    0
47 1024  320 3585 2273 3870 4095 3585 4068 3870 4094 3860 4065 3329 2777  257 1349  273   18 3993  255 1529   81 2537  409 4057  489 3857  145 1689   33  341   17 3614 3822 2561 3822 1536 2457 2048 2457 3841 2489 3841 3838 2305  289  256   16 3822  494 3822   97 2457   81 2457   97 3737  241 4078  241 1297  145  256   16
48  256  256 3841 2833 3841 3985 3349 2917 3871 4095  287 2321  287 3857 3585 4078  256   16 3857   81 3618   17 2141   84 4095  254  273  238  273  238 3822   97 2305 3997  256 3919 1280 4095 3841 4081 2639 3857  283 3841    1 1281    0  256 2553   81  507   16  431   16 3867   81 3857  251  272  219  272   17    0    0
49    0  256  256 3600 3584 3761 2560 3830  257 3823 1298 3926 3865 4095  257 1301   16   16  497   33 1777  246 4081  244 4081   65 2293  341 4095  511  287   17    0  537    0  283    0  287  256  511 3841  246 3865   81  274   16    1    0  287    0  287    0  287    1  287  532 1311 1115 3869  511  257   17    0    0
50  256  273 1281 1365 3841 4095 1280 1365  257  273 3610 3822 2326 2463  257  287  273   16 1365   33 4095  145 1365   32  273   17 3822  238 2543  153  415   17    0  303  256  351  256  447 1537  510 3861  497 2847  272  277    0    1    0  159    0  159    0  159   17  415  333 1439  431 3935  255  273   17    0    0
51  256  272 2816 3985 3841 4073 1566 3881  530 2209 3584 4090 3841 1418 3867 3934  272   17 2193  244 3049  241 3993  225 4075  489 4095  495 3867  287 4095  351 3867 1374 3858 3678 3841 2398 3841 2398 3841  350 3841 2910 1280  532  256  257 4094  239 3582  255 2558  250 4094  254 4078  479 2813  283  353  257   16    0
52    0  289  256 1530 1536 4095 3840  505 3841 1177 3841 3737 3861  409 3865 1177  273   17 1365  341 4095  511  277  287 1371  351 4095  511  281  287 3823  367 3841 1433 3840 1433 3840 1433 3840  665 3840 2457 3840 3737 2304  341  256   17 4088  415 4085  415 4095  415 2457  351 2457  415 3822  495  273  281    0    1
